RXNORM BENZODIAZEPINE INGREDIENT CODE LIST 

596
2356
21241
2598
3322
4077
4501
6470
6960
7781
35185
10355
10767
2353

RXNORM SEMANTIC CLINICAL DRUG CODE LIST 

197321
197322
308047
308049
308050
433799
433800
485413
485414
485416
308048
433798
485415
433801
856769
856792
856863
889614
905516
905521
905369
905495
905505
905525
905532
199450
246172
1366192
197527
197528
349196
349198
197529
349197
204892
349195
246306
249943
349194
387007
387008
104706
105032
197589
197590
309844
309845
801957
801961
801966
1807452
1807459
197591
309843
141926
422657
108380
422658
108379
197653
197654
1298088
1298091
197901
197902
238100
311376
763028
1665188
197900
238101
763029
1665326
199275
311700
998211
1666777
1666798
1666800
106517
422410
311702
1551393
1551395
1666814
1666821
1666823
199775
198057
198058
312133
312134
198059
312135
198183
198184
198241
198242
198243
199273
199975
104693
151283
199278
485489
198317
198318
1251277
197464
197465
197466
576647
618739
618751
618737

RXNORM SEMANTIC BRANDED DRUG CODE LIST 

141927
141928
214003
214004
687022
687023
687024
687025
577634
577643
577648
856781
856796
889616
1366196
1191056
1191058
206157
206159
206160
104699
104700
104701
801958
801962
801965
104719
206819
206820
206821
206828
1665190
1665327
207889
208463
208464
208465
539384
208681
1149627
542857
542967

SCDs AND SBDs IN JAVASCRIPT ARRAY FORMAT 

[197321,197322,308047,308049,308050,433799,433800,485413,485414,485416,308048,433798,485415,433801,856769,856792,856863,889614,905516,905521,905369,905495,905505,905525,905532,199450,246172,1366192,197527,197528,349196,349198,197529,349197,204892,349195,246306,249943,349194,387007,387008,104706,105032,197589,197590,309844,309845,801957,801961,801966,1807452,1807459,197591,309843,141926,422657,108380,422658,108379,197653,197654,1298088,1298091,197901,197902,238100,311376,763028,1665188,197900,238101,763029,1665326,199275,311700,998211,1666777,1666798,1666800,106517,422410,311702,1551393,1551395,1666814,1666821,1666823,199775,198057,198058,312133,312134,198059,312135,198183,198184,198241,198242,198243,199273,199975,104693,151283,199278,485489,198317,198318,1251277,197464,197465,197466,576647,618739,618751,618737,141927,141928,214003,214004,687022,687023,687024,687025,577634,577643,577648,856781,856796,889616,1366196,1191056,1191058,206157,206159,206160,104699,104700,104701,801958,801962,801965,104719,206819,206820,206821,206828,1665190,1665327,207889,208463,208464,208465,539384,208681,1149627,542857,542967];
