RXNORM MUSCLE RELAXANT INGREDIENT CODE LIST 

2101
2410
21949
6845
7715
1292
59078

RXNORM SEMANTIC CLINICAL DRUG CODE LIST 

197446
197447
994226
105974
730794
1088934
1088936
197501
197502
828299
828320
828348
828353
828358
999731
197943
197945
238175
197944
994521
994528
994535
994541
994810
994811
994824
994837
994841
994847
1047437
197392
308516
308517
617298
1369783
1369791
1666613
1666622
197391
617299
199280
250976
1369787
1300890
430902
1494656
197935
351254

RXNORM SEMANTIC BRANDED DRUG CODE LIST 

213695
730918
994228
214097
1189098
1189100
828322
828350
828301
828355
828359
1010654
207014
207016
1047440
1047444
1369784
1369788
1369792
1666615
1301627
202109
213725
805678
805679
1666620
1666623
664144
666857
209153
352277
1720612

SCDs AND SBDs IN JAVASCRIPT ARRAY FORMAT 

[197446,197447,994226,105974,730794,1088934,1088936,197501,197502,828299,828320,828348,828353,828358,999731,197943,197945,238175,197944,994521,994528,994535,994541,994810,994811,994824,994837,994841,994847,1047437,197392,308516,308517,617298,1369783,1369791,1666613,1666622,197391,617299,199280,250976,1369787,1300890,430902,1494656,197935,351254,213695,730918,994228,214097,1189098,1189100,828322,828350,828301,828355,828359,1010654,207014,207016,1047440,1047444,1369784,1369788,1369792,1666615,1301627,202109,213725,805678,805679,1666620,1666623,664144,666857,209153,352277,1720612];
